10
AAA98797.1     0.000000 0.110197 0.011494 0.171053 0.065789 0.011494 0.069079 0.014778 0.106908 0.113487
XP_002745783.2 0.110197 0.000000 0.105263 0.187500 0.095395 0.108553 0.095395 0.108553 0.077303 0.075658
XP_004038851.2 0.011494 0.105263 0.000000 0.171053 0.064145 0.014778 0.067434 0.016420 0.106908 0.113487
XP_045388761.1 0.171053 0.187500 0.171053 0.000000 0.169408 0.164474 0.171053 0.171053 0.192434 0.187500
XP_050646263.1 0.065789 0.095395 0.064145 0.169408 0.000000 0.064145 0.004934 0.069079 0.098684 0.098684
XP_517233.3    0.011494 0.108553 0.014778 0.164474 0.064145 0.000000 0.064145 0.021346 0.105263 0.108553
XP_031520350.1 0.069079 0.095395 0.067434 0.171053 0.004934 0.064145 0.000000 0.072368 0.098684 0.098684
NP_001127106.2 0.014778 0.108553 0.016420 0.171053 0.069079 0.021346 0.072368 0.000000 0.106908 0.110197
XP_010340891.1 0.106908 0.077303 0.106908 0.192434 0.098684 0.105263 0.098684 0.106908 0.000000 0.065789
XP_032116870.1 0.113487 0.075658 0.113487 0.187500 0.098684 0.108553 0.098684 0.110197 0.065789 0.000000
