80
AAA98797.1     0.000000 0.110197 0.011494 0.171053 0.065789 0.011494 0.069079 0.014778 0.106908 0.113487 0.911330 0.914614 0.909688 0.911330 0.908046 0.906404 0.909688 0.908046 0.903120 0.912972 0.827273 0.824074 0.836735 0.836364 0.875817 0.882353 0.863946 0.881773 0.824074 0.842593 0.889831 0.890063 0.890295 0.887473 0.890526 0.890526 0.888421 0.895397 0.891441 0.890295 0.893268 0.896552 0.893268 0.898194 0.893268 0.893268 0.891626 0.886700 0.896552 0.896552 0.850649 0.863636 0.850649 0.870130 0.850649 0.863636 0.857143 0.863636 0.863636 0.863636 0.876847 0.875205 0.876847 0.860427 0.866995 0.876847 0.865353 0.870279 0.870279 0.871921 0.906404 0.906404 0.906404 0.906404 0.906404 0.898194 0.899836 0.909688 0.904762 0.889984
XP_002745783.2 0.110197 0.000000 0.105263 0.187500 0.095395 0.108553 0.095395 0.108553 0.077303 0.075658 0.914474 0.912829 0.912829 0.912829 0.916118 0.912829 0.906250 0.911184 0.909539 0.907895 0.809091 0.842593 0.816327 0.836364 0.862745 0.882353 0.863946 0.876847 0.833333 0.842593 0.902542 0.896406 0.892405 0.902335 0.896842 0.898947 0.890526 0.905858 0.899791 0.896624 0.899671 0.902961 0.899671 0.889803 0.899671 0.898026 0.896382 0.896382 0.898026 0.901316 0.876623 0.863636 0.870130 0.870130 0.863636 0.857143 0.870130 0.863636 0.863636 0.857143 0.876645 0.865132 0.875000 0.876645 0.878289 0.861842 0.878289 0.879934 0.879934 0.878289 0.901316 0.901316 0.901316 0.902961 0.901316 0.898026 0.901316 0.902961 0.906250 0.889803
XP_004038851.2 0.011494 0.105263 0.000000 0.171053 0.064145 0.014778 0.067434 0.016420 0.106908 0.113487 0.912972 0.912972 0.914614 0.911330 0.909688 0.908046 0.911330 0.906404 0.904762 0.911330 0.827273 0.824074 0.836735 0.836364 0.875817 0.882353 0.863946 0.876847 0.814815 0.842593 0.898305 0.892178 0.892405 0.889597 0.892632 0.892632 0.890526 0.897490 0.893528 0.892405 0.888342 0.896552 0.893268 0.898194 0.889984 0.888342 0.894910 0.886700 0.891626 0.891626 0.876623 0.863636 0.870130 0.876623 0.876623 0.863636 0.876623 0.857143 0.870130 0.863636 0.875205 0.868637 0.875205 0.871921 0.868637 0.875205 0.866995 0.871921 0.871921 0.873563 0.908046 0.909688 0.906404 0.908046 0.904762 0.896552 0.901478 0.903120 0.906404 0.891626
XP_045388761.1 0.171053 0.187500 0.171053 0.000000 0.169408 0.164474 0.171053 0.171053 0.192434 0.187500 0.902961 0.904605 0.912829 0.911184 0.912829 0.912829 0.902961 0.906250 0.901316 0.916118 0.836364 0.833333 0.836735 0.845455 0.849673 0.872549 0.863946 0.876847 0.814815 0.833333 0.885593 0.896406 0.896624 0.885350 0.888421 0.888421 0.886316 0.895397 0.895616 0.896624 0.879934 0.889803 0.883224 0.889803 0.886513 0.888158 0.883224 0.881579 0.889803 0.889803 0.876623 0.844156 0.876623 0.870130 0.876623 0.870130 0.876623 0.870130 0.850649 0.870130 0.868421 0.866776 0.870066 0.868421 0.866776 0.868421 0.865132 0.870066 0.870066 0.868421 0.901316 0.899671 0.901316 0.902961 0.906250 0.904605 0.899671 0.896382 0.898026 0.893092
XP_050646263.1 0.065789 0.095395 0.064145 0.169408 0.000000 0.064145 0.004934 0.069079 0.098684 0.098684 0.912829 0.906250 0.909539 0.914474 0.906250 0.912829 0.909539 0.912829 0.907895 0.911184 0.827273 0.861111 0.836735 0.854545 0.875817 0.877451 0.863946 0.881773 0.842593 0.861111 0.891949 0.887949 0.888186 0.898089 0.890526 0.884211 0.890526 0.895397 0.889353 0.888186 0.889803 0.891447 0.888158 0.893092 0.894737 0.891447 0.898026 0.889803 0.888158 0.898026 0.876623 0.870130 0.870130 0.883117 0.870130 0.876623 0.876623 0.863636 0.870130 0.876623 0.876645 0.873355 0.873355 0.870066 0.868421 0.871711 0.865132 0.870066 0.875000 0.870066 0.906250 0.906250 0.904605 0.906250 0.902961 0.899671 0.898026 0.907895 0.904605 0.896382
XP_517233.3    0.011494 0.108553 0.014778 0.164474 0.064145 0.000000 0.064145 0.021346 0.105263 0.108553 0.909688 0.911330 0.899836 0.904762 0.908046 0.901478 0.908046 0.912972 0.899836 0.911330 0.809091 0.824074 0.836735 0.836364 0.869281 0.882353 0.863946 0.866995 0.824074 0.824074 0.891949 0.890063 0.892405 0.891720 0.892632 0.892632 0.890526 0.897490 0.895616 0.890295 0.893268 0.899836 0.893268 0.899836 0.888342 0.889984 0.894910 0.889984 0.896552 0.896552 0.870130 0.863636 0.870130 0.863636 0.863636 0.863636 0.876623 0.857143 0.870130 0.863636 0.862069 0.873563 0.875205 0.863711 0.866995 0.871921 0.865353 0.868637 0.868637 0.870279 0.904762 0.904762 0.904762 0.904762 0.903120 0.894910 0.899836 0.904762 0.903120 0.893268
XP_031520350.1 0.069079 0.095395 0.067434 0.171053 0.004934 0.064145 0.000000 0.072368 0.098684 0.098684 0.911184 0.909539 0.911184 0.909539 0.906250 0.909539 0.907895 0.912829 0.906250 0.912829 0.827273 0.861111 0.836735 0.854545 0.875817 0.877451 0.863946 0.881773 0.851852 0.842593 0.896186 0.887949 0.886076 0.898089 0.888421 0.892632 0.886316 0.895397 0.887265 0.888186 0.889803 0.891447 0.891447 0.891447 0.894737 0.891447 0.898026 0.888158 0.891447 0.896382 0.870130 0.870130 0.870130 0.883117 0.870130 0.863636 0.876623 0.863636 0.870130 0.863636 0.871711 0.870066 0.871711 0.871711 0.868421 0.860197 0.866776 0.870066 0.876645 0.860197 0.906250 0.906250 0.902961 0.906250 0.902961 0.896382 0.898026 0.904605 0.902961 0.896382
NP_001127106.2 0.014778 0.108553 0.016420 0.171053 0.069079 0.021346 0.072368 0.000000 0.106908 0.110197 0.909688 0.906404 0.906404 0.911330 0.904762 0.908046 0.904762 0.908046 0.904762 0.911330 0.827273 0.842593 0.836735 0.836364 0.869281 0.877451 0.863946 0.876847 0.833333 0.851852 0.898305 0.892178 0.890295 0.889597 0.892632 0.892632 0.890526 0.897490 0.893528 0.890295 0.893268 0.896552 0.893268 0.899836 0.891626 0.893268 0.891626 0.888342 0.891626 0.898194 0.870130 0.857143 0.870130 0.870130 0.870130 0.863636 0.870130 0.857143 0.863636 0.863636 0.876847 0.871921 0.876847 0.870279 0.866995 0.875205 0.865353 0.875205 0.873563 0.873563 0.898194 0.898194 0.898194 0.894910 0.903120 0.893268 0.899836 0.899836 0.896552 0.893268
XP_010340891.1 0.106908 0.077303 0.106908 0.192434 0.098684 0.105263 0.098684 0.106908 0.000000 0.065789 0.904605 0.916118 0.912829 0.911184 0.907895 0.912829 0.907895 0.911184 0.909539 0.921053 0.863636 0.842593 0.846939 0.845455 0.862745 0.872549 0.863946 0.866995 0.842593 0.842593 0.894068 0.894292 0.892405 0.893843 0.892632 0.892632 0.892632 0.899582 0.895616 0.892405 0.888158 0.904605 0.889803 0.894737 0.898026 0.888158 0.894737 0.886513 0.893092 0.899671 0.857143 0.863636 0.850649 0.863636 0.857143 0.857143 0.850649 0.870130 0.870130 0.857143 0.860197 0.858553 0.860197 0.860197 0.858553 0.858553 0.873355 0.876645 0.861842 0.860197 0.906250 0.906250 0.906250 0.902961 0.894737 0.901316 0.907895 0.901316 0.898026 0.893092
XP_032116870.1 0.113487 0.075658 0.113487 0.187500 0.098684 0.108553 0.098684 0.110197 0.065789 0.000000 0.912829 0.904605 0.912829 0.916118 0.914474 0.912829 0.912829 0.911184 0.911184 0.912829 0.818182 0.814815 0.816327 0.809091 0.862745 0.867647 0.863946 0.876847 0.833333 0.814815 0.894068 0.890063 0.892405 0.895966 0.892632 0.888421 0.894737 0.895397 0.893528 0.890295 0.884868 0.904605 0.884868 0.893092 0.888158 0.888158 0.884868 0.886513 0.906250 0.904605 0.870130 0.857143 0.857143 0.883117 0.870130 0.857143 0.870130 0.863636 0.863636 0.857143 0.855263 0.855263 0.855263 0.855263 0.856908 0.855263 0.853618 0.856908 0.858553 0.856908 0.899671 0.899671 0.899671 0.902961 0.906250 0.904605 0.902961 0.898026 0.904605 0.899671
BAA04809.1     0.911330 0.914474 0.912972 0.902961 0.912829 0.909688 0.911184 0.909688 0.904605 0.912829 0.000000 0.225864 0.018474 0.147199 0.036353 0.011919 0.039333 0.022646 0.082837 0.225268 0.827273 0.833333 0.836735 0.827273 0.843137 0.857843 0.802721 0.842365 0.842593 0.824074 0.889831 0.881607 0.877637 0.881104 0.880000 0.873684 0.882105 0.876569 0.885177 0.883966 0.902265 0.902861 0.903456 0.902861 0.901669 0.902265 0.905244 0.904052 0.899881 0.902265 0.837662 0.844156 0.850649 0.837662 0.857143 0.857143 0.844156 0.850649 0.844156 0.857143 0.916567 0.910608 0.913588 0.913588 0.914184 0.917163 0.913588 0.913588 0.913588 0.914184 0.902861 0.902861 0.905244 0.902861 0.912992 0.910012 0.912992 0.902265 0.911204 0.906436
XP_035145207.1 0.914614 0.912829 0.912972 0.904605 0.906250 0.911330 0.909539 0.906404 0.916118 0.904605 0.225864 0.000000 0.075874 0.149024 0.069947 0.074689 0.072867 0.079290 0.048607 0.039883 0.836364 0.842593 0.826531 0.818182 0.823529 0.838235 0.836735 0.842365 0.833333 0.814815 0.875000 0.883721 0.879747 0.876858 0.880000 0.880000 0.880000 0.874477 0.881002 0.879747 0.904399 0.900293 0.906158 0.900293 0.902639 0.906158 0.904399 0.902639 0.903226 0.902639 0.844156 0.837662 0.837662 0.844156 0.837662 0.837662 0.844156 0.844156 0.837662 0.837662 0.919062 0.920235 0.919648 0.919062 0.919062 0.921408 0.919648 0.919648 0.914370 0.918475 0.909091 0.904399 0.909677 0.905572 0.910264 0.907331 0.903812 0.902639 0.908504 0.909091
XP_004064730.1 0.909688 0.912829 0.914614 0.912829 0.909539 0.899836 0.911184 0.906404 0.912829 0.912829 0.018474 0.075874 0.000000 0.141672 0.030231 0.011263 0.033195 0.022525 0.078245 0.072318 0.827273 0.824074 0.836735 0.818182 0.836601 0.852941 0.829932 0.842365 0.833333 0.814815 0.875000 0.879493 0.888186 0.887473 0.877895 0.880000 0.877895 0.878661 0.881002 0.886076 0.905157 0.900415 0.905750 0.899229 0.902786 0.905750 0.903379 0.906343 0.901008 0.902786 0.850649 0.850649 0.850649 0.837662 0.850649 0.857143 0.863636 0.844156 0.850649 0.857143 0.922940 0.921755 0.922347 0.921755 0.921162 0.923533 0.922347 0.922940 0.922347 0.921162 0.903379 0.903379 0.902786 0.904564 0.911678 0.906343 0.909899 0.902786 0.910492 0.909306
XP_045393893.1 0.911330 0.912829 0.911330 0.911184 0.914474 0.904762 0.909539 0.911330 0.911184 0.916118 0.147199 0.149024 0.141672 0.000000 0.135744 0.139893 0.137441 0.143195 0.152341 0.145476 0.818182 0.824074 0.826531 0.809091 0.843137 0.843137 0.809524 0.857143 0.805556 0.814815 0.885593 0.873150 0.877637 0.870488 0.877895 0.884211 0.873684 0.874477 0.876827 0.875527 0.904199 0.893554 0.904199 0.899468 0.900059 0.898876 0.900059 0.898876 0.904790 0.905381 0.850649 0.844156 0.857143 0.844156 0.850649 0.850649 0.850649 0.844156 0.844156 0.850649 0.914252 0.922531 0.914252 0.913661 0.913661 0.914252 0.910112 0.914843 0.923122 0.911886 0.901833 0.898876 0.901833 0.903607 0.908930 0.908338 0.904790 0.902425 0.903016 0.905973
XP_050633116.1 0.908046 0.916118 0.909688 0.912829 0.906250 0.908046 0.906250 0.904762 0.907895 0.914474 0.036353 0.069947 0.030231 0.135744 0.000000 0.029638 0.007113 0.033195 0.077653 0.070539 0.827273 0.824074 0.826531 0.818182 0.830065 0.843137 0.823129 0.842365 0.842593 0.814815 0.877119 0.881607 0.881857 0.878981 0.875789 0.882105 0.877895 0.880753 0.876827 0.877637 0.896266 0.901008 0.904564 0.896858 0.900415 0.903972 0.903379 0.903972 0.899822 0.898637 0.850649 0.844156 0.850649 0.837662 0.850649 0.850649 0.850649 0.844156 0.844156 0.850649 0.918791 0.917605 0.919384 0.919384 0.915234 0.919384 0.919384 0.916420 0.916420 0.918791 0.903972 0.903379 0.905157 0.904564 0.907528 0.908714 0.905750 0.906935 0.909899 0.910492
XP_016798387.1 0.906404 0.912829 0.908046 0.912829 0.912829 0.901478 0.909539 0.908046 0.912829 0.912829 0.011919 0.074689 0.011263 0.139893 0.029638 0.000000 0.032602 0.020747 0.076467 0.072318 0.827273 0.824074 0.826531 0.827273 0.836601 0.852941 0.802721 0.837438 0.833333 0.814815 0.881356 0.881607 0.883966 0.881104 0.877895 0.884211 0.880000 0.880753 0.881002 0.879747 0.898044 0.901600 0.901600 0.900415 0.902193 0.903379 0.902786 0.902786 0.902786 0.899822 0.850649 0.844156 0.850649 0.837662 0.850649 0.857143 0.857143 0.850649 0.844156 0.857143 0.921755 0.917012 0.922347 0.918198 0.919976 0.921755 0.922347 0.918198 0.922347 0.917012 0.902193 0.902193 0.902193 0.904564 0.909306 0.905157 0.905750 0.906343 0.909306 0.908714
XP_003918171.2 0.909688 0.906250 0.911330 0.902961 0.909539 0.908046 0.907895 0.904762 0.907895 0.912829 0.039333 0.072867 0.033195 0.137441 0.007113 0.032602 0.000000 0.036730 0.080616 0.072275 0.827273 0.824074 0.826531 0.827273 0.830065 0.852941 0.823129 0.832512 0.824074 0.814815 0.877119 0.879493 0.873418 0.876858 0.875789 0.880000 0.882105 0.878661 0.878914 0.877637 0.893365 0.896919 0.896327 0.895142 0.901659 0.895735 0.900474 0.896327 0.899289 0.899882 0.857143 0.844156 0.850649 0.844156 0.844156 0.857143 0.863636 0.850649 0.850649 0.857143 0.918246 0.917062 0.918839 0.918839 0.915877 0.915877 0.914692 0.916469 0.918839 0.914692 0.904621 0.902251 0.905213 0.904028 0.907583 0.908175 0.906398 0.906398 0.910545 0.910545
XP_009233428.2 0.908046 0.911184 0.906404 0.906250 0.912829 0.912972 0.912829 0.908046 0.911184 0.911184 0.022646 0.079290 0.022525 0.143195 0.033195 0.020747 0.036730 0.000000 0.080024 0.078107 0.827273 0.824074 0.826531 0.827273 0.843137 0.848039 0.823129 0.847291 0.833333 0.814815 0.889831 0.881607 0.877637 0.881104 0.880000 0.882105 0.875789 0.874477 0.878914 0.883966 0.904142 0.898817 0.904734 0.898817 0.902959 0.905325 0.904142 0.902959 0.902959 0.899408 0.857143 0.844156 0.850649 0.844156 0.857143 0.857143 0.863636 0.850649 0.850649 0.857143 0.918935 0.918343 0.918935 0.917160 0.917160 0.918935 0.918343 0.918343 0.918343 0.915976 0.896450 0.896450 0.896450 0.904142 0.905917 0.911243 0.908876 0.902959 0.913018 0.907692
XP_039320049.1 0.903120 0.909539 0.904762 0.901316 0.907895 0.899836 0.906250 0.904762 0.909539 0.911184 0.082837 0.048607 0.078245 0.152341 0.077653 0.076467 0.080616 0.080024 0.000000 0.043865 0.836364 0.796296 0.816327 0.809091 0.843137 0.833333 0.829932 0.847291 0.824074 0.796296 0.879237 0.883721 0.877637 0.883227 0.877895 0.882105 0.875789 0.872385 0.876827 0.877637 0.901600 0.903972 0.904564 0.897451 0.903972 0.896858 0.905750 0.902193 0.898637 0.901008 0.850649 0.844156 0.857143 0.844156 0.850649 0.850649 0.857143 0.844156 0.844156 0.850649 0.914641 0.917012 0.919384 0.913456 0.913456 0.914641 0.915827 0.913456 0.914049 0.914641 0.903972 0.903972 0.902786 0.905157 0.907528 0.910492 0.909306 0.902193 0.909306 0.904564
XP_032106760.1 0.912972 0.907895 0.911330 0.916118 0.911184 0.911330 0.912829 0.911330 0.921053 0.912829 0.225268 0.039883 0.072318 0.145476 0.070539 0.072318 0.072275 0.078107 0.043865 0.000000 0.827273 0.833333 0.826531 0.818182 0.810458 0.852941 0.836735 0.857143 0.833333 0.814815 0.877119 0.879493 0.879747 0.881104 0.880000 0.873684 0.884211 0.878661 0.870564 0.881857 0.905572 0.897947 0.898534 0.903812 0.902639 0.903226 0.903226 0.901466 0.902053 0.902053 0.850649 0.844156 0.863636 0.837662 0.850649 0.857143 0.857143 0.844156 0.844156 0.857143 0.914956 0.916716 0.920235 0.921408 0.914956 0.919648 0.915543 0.915543 0.915543 0.916129 0.904985 0.904985 0.906158 0.903226 0.907918 0.909091 0.907331 0.902639 0.907331 0.909091
AAA59172.1     0.827273 0.809091 0.827273 0.836364 0.827273 0.809091 0.827273 0.827273 0.863636 0.818182 0.827273 0.836364 0.827273 0.818182 0.827273 0.827273 0.827273 0.827273 0.836364 0.827273 0.000000 0.157407 0.030612 0.100000 0.018182 0.018182 0.027273 0.409091 0.175926 0.157407 0.827273 0.854545 0.854545 0.836364 0.836364 0.845455 0.845455 0.845455 0.854545 0.854545 0.863636 0.854545 0.863636 0.845455 0.854545 0.854545 0.836364 0.863636 0.836364 0.854545 0.872727 0.863636 0.872727 0.863636 0.872727 0.872727 0.872727 0.863636 0.863636 0.872727 0.854545 0.854545 0.854545 0.845455 0.854545 0.863636 0.845455 0.836364 0.845455 0.863636 0.836364 0.836364 0.836364 0.836364 0.827273 0.845455 0.827273 0.836364 0.845455 0.809091
XP_035119627.1 0.824074 0.842593 0.824074 0.833333 0.861111 0.824074 0.861111 0.842593 0.842593 0.814815 0.833333 0.842593 0.824074 0.824074 0.824074 0.824074 0.824074 0.824074 0.796296 0.833333 0.157407 0.000000 0.183673 0.203704 0.157407 0.166667 0.166667 0.444444 0.064815 0.037037 0.851852 0.870370 0.870370 0.861111 0.870370 0.861111 0.861111 0.861111 0.861111 0.870370 0.851852 0.851852 0.851852 0.824074 0.861111 0.861111 0.842593 0.842593 0.842593 0.833333 0.870370 0.861111 0.861111 0.851852 0.870370 0.861111 0.861111 0.861111 0.861111 0.861111 0.851852 0.851852 0.851852 0.851852 0.851852 0.851852 0.851852 0.851852 0.851852 0.851852 0.842593 0.842593 0.814815 0.824074 0.842593 0.851852 0.842593 0.833333 0.842593 0.833333
XP_018891846.1 0.836735 0.816327 0.836735 0.836735 0.836735 0.836735 0.836735 0.836735 0.846939 0.816327 0.836735 0.826531 0.836735 0.826531 0.826531 0.826531 0.826531 0.826531 0.816327 0.826531 0.030612 0.183673 0.000000 0.102041 0.051020 0.051020 0.061224 0.336735 0.193878 0.193878 0.836735 0.836735 0.836735 0.846939 0.846939 0.846939 0.846939 0.846939 0.857143 0.846939 0.846939 0.836735 0.846939 0.806122 0.846939 0.836735 0.836735 0.857143 0.826531 0.826531 0.857143 0.857143 0.857143 0.846939 0.857143 0.857143 0.857143 0.857143 0.857143 0.857143 0.806122 0.806122 0.806122 0.806122 0.795918 0.806122 0.795918 0.795918 0.795918 0.806122 0.795918 0.795918 0.795918 0.795918 0.846939 0.846939 0.846939 0.836735 0.846939 0.806122
XP_045414405.1 0.836364 0.836364 0.836364 0.845455 0.854545 0.836364 0.854545 0.836364 0.845455 0.809091 0.827273 0.818182 0.818182 0.809091 0.818182 0.827273 0.827273 0.827273 0.809091 0.818182 0.100000 0.203704 0.102041 0.000000 0.081818 0.109091 0.090909 0.427273 0.203704 0.203704 0.827273 0.854545 0.845455 0.836364 0.836364 0.854545 0.836364 0.836364 0.863636 0.854545 0.827273 0.818182 0.836364 0.845455 0.818182 0.827273 0.818182 0.836364 0.818182 0.827273 0.881818 0.881818 0.881818 0.872727 0.881818 0.872727 0.881818 0.881818 0.881818 0.872727 0.845455 0.845455 0.836364 0.836364 0.845455 0.845455 0.845455 0.845455 0.845455 0.845455 0.836364 0.863636 0.863636 0.863636 0.854545 0.854545 0.854545 0.863636 0.863636 0.800000
XP_050613945.1 0.875817 0.862745 0.875817 0.849673 0.875817 0.869281 0.875817 0.869281 0.862745 0.862745 0.843137 0.823529 0.836601 0.843137 0.830065 0.836601 0.830065 0.843137 0.843137 0.810458 0.018182 0.157407 0.051020 0.081818 0.000000 0.065359 0.197279 0.581699 0.157407 0.157407 0.856209 0.862745 0.862745 0.856209 0.862745 0.862745 0.856209 0.856209 0.862745 0.862745 0.869281 0.849673 0.862745 0.856209 0.843137 0.862745 0.856209 0.856209 0.856209 0.856209 0.875817 0.888889 0.875817 0.895425 0.875817 0.875817 0.875817 0.882353 0.882353 0.875817 0.862745 0.862745 0.862745 0.856209 0.856209 0.856209 0.856209 0.856209 0.856209 0.862745 0.856209 0.862745 0.862745 0.862745 0.862745 0.869281 0.856209 0.856209 0.875817 0.836601
XP_016775240.1 0.882353 0.882353 0.882353 0.872549 0.877451 0.882353 0.877451 0.877451 0.872549 0.867647 0.857843 0.838235 0.852941 0.843137 0.843137 0.852941 0.852941 0.848039 0.833333 0.852941 0.018182 0.166667 0.051020 0.109091 0.065359 0.000000 0.068027 0.684729 0.185185 0.157407 0.848039 0.872549 0.852941 0.852941 0.857843 0.852941 0.857843 0.857843 0.857843 0.862745 0.872549 0.862745 0.862745 0.852941 0.862745 0.867647 0.862745 0.867647 0.867647 0.872549 0.883117 0.883117 0.876623 0.876623 0.883117 0.883117 0.883117 0.876623 0.883117 0.883117 0.852941 0.852941 0.857843 0.852941 0.852941 0.857843 0.852941 0.852941 0.862745 0.852941 0.877451 0.877451 0.877451 0.862745 0.848039 0.862745 0.852941 0.857843 0.843137 0.843137
XP_017803627.2 0.863946 0.863946 0.863946 0.863946 0.863946 0.863946 0.863946 0.863946 0.863946 0.863946 0.802721 0.836735 0.829932 0.809524 0.823129 0.802721 0.823129 0.823129 0.829932 0.836735 0.027273 0.166667 0.061224 0.090909 0.197279 0.068027 0.000000 0.571429 0.166667 0.166667 0.857143 0.850340 0.857143 0.843537 0.843537 0.843537 0.843537 0.829932 0.843537 0.857143 0.857143 0.863946 0.877551 0.850340 0.857143 0.877551 0.877551 0.850340 0.863946 0.863946 0.891156 0.891156 0.897959 0.891156 0.891156 0.884354 0.891156 0.891156 0.897959 0.884354 0.877551 0.870748 0.877551 0.870748 0.877551 0.877551 0.877551 0.877551 0.877551 0.877551 0.870748 0.870748 0.870748 0.877551 0.870748 0.870748 0.870748 0.870748 0.870748 0.850340
XP_024110664.1 0.881773 0.876847 0.876847 0.876847 0.881773 0.866995 0.881773 0.876847 0.866995 0.876847 0.842365 0.842365 0.842365 0.857143 0.842365 0.837438 0.832512 0.847291 0.847291 0.857143 0.409091 0.444444 0.336735 0.427273 0.581699 0.684729 0.571429 0.000000 0.444444 0.453704 0.866995 0.866995 0.871921 0.866995 0.862069 0.866995 0.862069 0.866995 0.857143 0.866995 0.852217 0.866995 0.862069 0.866995 0.857143 0.857143 0.852217 0.857143 0.847291 0.857143 0.876623 0.876623 0.876623 0.876623 0.876623 0.870130 0.870130 0.876623 0.876623 0.870130 0.871921 0.862069 0.871921 0.862069 0.866995 0.871921 0.862069 0.866995 0.862069 0.862069 0.881773 0.871921 0.881773 0.881773 0.876847 0.881773 0.876847 0.881773 0.881773 0.857143
XP_010329449.1 0.824074 0.833333 0.814815 0.814815 0.842593 0.824074 0.851852 0.833333 0.842593 0.833333 0.842593 0.833333 0.833333 0.805556 0.842593 0.833333 0.824074 0.833333 0.824074 0.833333 0.175926 0.064815 0.193878 0.203704 0.157407 0.185185 0.166667 0.444444 0.000000 0.055556 0.851852 0.870370 0.842593 0.851852 0.851852 0.851852 0.851852 0.851852 0.861111 0.851852 0.861111 0.851852 0.861111 0.824074 0.851852 0.861111 0.851852 0.861111 0.851852 0.842593 0.861111 0.870370 0.861111 0.870370 0.870370 0.861111 0.861111 0.870370 0.870370 0.861111 0.851852 0.851852 0.842593 0.851852 0.851852 0.851852 0.851852 0.842593 0.851852 0.842593 0.851852 0.861111 0.861111 0.861111 0.842593 0.851852 0.851852 0.861111 0.851852 0.842593
XP_032124369.1 0.842593 0.842593 0.842593 0.833333 0.861111 0.824074 0.842593 0.851852 0.842593 0.814815 0.824074 0.814815 0.814815 0.814815 0.814815 0.814815 0.814815 0.814815 0.796296 0.814815 0.157407 0.037037 0.193878 0.203704 0.157407 0.157407 0.166667 0.453704 0.055556 0.000000 0.851852 0.851852 0.842593 0.851852 0.842593 0.851852 0.842593 0.851852 0.851852 0.851852 0.861111 0.842593 0.861111 0.814815 0.842593 0.861111 0.833333 0.851852 0.851852 0.833333 0.861111 0.870370 0.861111 0.879630 0.870370 0.861111 0.861111 0.870370 0.870370 0.861111 0.842593 0.842593 0.842593 0.842593 0.842593 0.842593 0.842593 0.842593 0.842593 0.842593 0.833333 0.833333 0.833333 0.824074 0.842593 0.833333 0.842593 0.833333 0.833333 0.814815
AAB59562.1     0.889831 0.902542 0.898305 0.885593 0.891949 0.891949 0.896186 0.898305 0.894068 0.894068 0.889831 0.875000 0.875000 0.885593 0.877119 0.881356 0.877119 0.889831 0.879237 0.877119 0.827273 0.851852 0.836735 0.827273 0.856209 0.848039 0.857143 0.866995 0.851852 0.851852 0.000000 0.061441 0.067797 0.012739 0.021186 0.023305 0.023305 0.025424 0.078390 0.059322 0.885593 0.881356 0.881356 0.877119 0.879237 0.881356 0.881356 0.887712 0.879237 0.877119 0.850649 0.857143 0.857143 0.850649 0.850649 0.863636 0.863636 0.857143 0.857143 0.863636 0.862288 0.860169 0.862288 0.862288 0.862288 0.855932 0.860169 0.853814 0.862288 0.862288 0.877119 0.877119 0.877119 0.877119 0.877119 0.875000 0.883475 0.881356 0.881356 0.885593
XP_010328935.2 0.890063 0.896406 0.892178 0.896406 0.887949 0.890063 0.887949 0.892178 0.894292 0.890063 0.881607 0.883721 0.879493 0.873150 0.881607 0.881607 0.879493 0.881607 0.883721 0.879493 0.854545 0.870370 0.836735 0.854545 0.862745 0.872549 0.850340 0.866995 0.870370 0.851852 0.061441 0.000000 0.021142 0.059448 0.054968 0.054968 0.054968 0.046512 0.048626 0.006342 0.892178 0.879493 0.890063 0.877378 0.881607 0.892178 0.879493 0.879493 0.879493 0.881607 0.857143 0.857143 0.857143 0.850649 0.863636 0.863636 0.863636 0.857143 0.857143 0.863636 0.866808 0.860465 0.868922 0.866808 0.858351 0.854123 0.860465 0.866808 0.862579 0.860465 0.887949 0.887949 0.892178 0.887949 0.890063 0.887949 0.885835 0.885835 0.885835 0.883721
XP_017828210.1 0.890295 0.892405 0.892405 0.896624 0.888186 0.892405 0.886076 0.890295 0.892405 0.892405 0.877637 0.879747 0.888186 0.877637 0.881857 0.883966 0.873418 0.877637 0.877637 0.879747 0.854545 0.870370 0.836735 0.845455 0.862745 0.852941 0.857143 0.871921 0.842593 0.842593 0.067797 0.021142 0.000000 0.059448 0.054852 0.059072 0.059072 0.046414 0.054852 0.016878 0.888186 0.881857 0.890295 0.873418 0.879747 0.888186 0.888186 0.888186 0.888186 0.875527 0.863636 0.857143 0.863636 0.857143 0.870130 0.876623 0.876623 0.857143 0.857143 0.876623 0.862869 0.858650 0.860759 0.862869 0.860759 0.856540 0.856540 0.858650 0.860759 0.860759 0.888186 0.890295 0.890295 0.890295 0.894515 0.894515 0.892405 0.886076 0.890295 0.892405
XP_050618685.1 0.887473 0.902335 0.889597 0.885350 0.898089 0.891720 0.898089 0.889597 0.893843 0.895966 0.881104 0.876858 0.887473 0.870488 0.878981 0.881104 0.876858 0.881104 0.883227 0.881104 0.836364 0.861111 0.846939 0.836364 0.856209 0.852941 0.843537 0.866995 0.851852 0.851852 0.012739 0.059448 0.059448 0.000000 0.008493 0.025478 0.008493 0.012739 0.076433 0.050955 0.883227 0.885350 0.883227 0.870488 0.878981 0.883227 0.881104 0.883227 0.883227 0.885350 0.857143 0.857143 0.850649 0.850649 0.850649 0.870130 0.863636 0.857143 0.857143 0.870130 0.853503 0.851380 0.853503 0.859873 0.857749 0.853503 0.855626 0.851380 0.857749 0.853503 0.874735 0.874735 0.883227 0.876858 0.883227 0.872611 0.876858 0.885350 0.883227 0.893843
XP_003315486.1 0.890526 0.896842 0.892632 0.888421 0.890526 0.892632 0.888421 0.892632 0.892632 0.892632 0.880000 0.880000 0.877895 0.877895 0.875789 0.877895 0.875789 0.880000 0.877895 0.880000 0.836364 0.870370 0.846939 0.836364 0.862745 0.857843 0.843537 0.862069 0.851852 0.842593 0.021186 0.054968 0.054852 0.008493 0.000000 0.021053 0.008421 0.018947 0.082105 0.048523 0.884211 0.882105 0.884211 0.865263 0.880000 0.884211 0.884211 0.880000 0.882105 0.882105 0.857143 0.857143 0.857143 0.844156 0.850649 0.863636 0.863636 0.857143 0.857143 0.863636 0.867368 0.865263 0.867368 0.863158 0.861053 0.856842 0.856842 0.865263 0.865263 0.867368 0.880000 0.880000 0.886316 0.884211 0.884211 0.890526 0.875789 0.886316 0.884211 0.892632
XP_030867326.1 0.890526 0.898947 0.892632 0.888421 0.884211 0.892632 0.892632 0.892632 0.892632 0.888421 0.873684 0.880000 0.880000 0.884211 0.882105 0.884211 0.880000 0.882105 0.882105 0.873684 0.845455 0.861111 0.846939 0.854545 0.862745 0.852941 0.843537 0.866995 0.851852 0.851852 0.023305 0.054968 0.059072 0.025478 0.021053 0.000000 0.029474 0.035789 0.082105 0.054852 0.884211 0.884211 0.882105 0.867368 0.877895 0.882105 0.880000 0.884211 0.884211 0.882105 0.850649 0.857143 0.850649 0.850649 0.857143 0.863636 0.857143 0.857143 0.857143 0.863636 0.854737 0.854737 0.863158 0.858947 0.856842 0.854737 0.852632 0.854737 0.858947 0.856842 0.884211 0.884211 0.886316 0.880000 0.884211 0.880000 0.886316 0.886316 0.884211 0.890526
XP_003913035.2 0.888421 0.890526 0.890526 0.886316 0.890526 0.890526 0.886316 0.890526 0.892632 0.894737 0.882105 0.880000 0.877895 0.873684 0.877895 0.880000 0.882105 0.875789 0.875789 0.884211 0.845455 0.861111 0.846939 0.836364 0.856209 0.857843 0.843537 0.862069 0.851852 0.842593 0.023305 0.054968 0.059072 0.008493 0.008421 0.029474 0.000000 0.021053 0.082105 0.052743 0.884211 0.884211 0.877895 0.865263 0.882105 0.884211 0.882105 0.877895 0.882105 0.884211 0.850649 0.857143 0.850649 0.857143 0.850649 0.863636 0.863636 0.850649 0.850649 0.863636 0.865263 0.863158 0.865263 0.863158 0.861053 0.865263 0.861053 0.863158 0.856842 0.863158 0.877895 0.877895 0.877895 0.880000 0.877895 0.877895 0.884211 0.886316 0.884211 0.890526
XP_002834383.2 0.895397 0.905858 0.897490 0.895397 0.895397 0.897490 0.895397 0.897490 0.899582 0.895397 0.876569 0.874477 0.878661 0.874477 0.880753 0.880753 0.878661 0.874477 0.872385 0.878661 0.845455 0.861111 0.846939 0.836364 0.856209 0.857843 0.829932 0.866995 0.851852 0.851852 0.025424 0.046512 0.046414 0.012739 0.018947 0.035789 0.021053 0.000000 0.079498 0.040084 0.882845 0.884937 0.880753 0.868201 0.878661 0.880753 0.880753 0.874477 0.887029 0.882845 0.850649 0.857143 0.857143 0.844156 0.857143 0.857143 0.870130 0.857143 0.857143 0.857143 0.866109 0.859833 0.864017 0.868201 0.859833 0.857741 0.861925 0.868201 0.864017 0.857741 0.891213 0.889121 0.893305 0.893305 0.884937 0.895397 0.893305 0.882845 0.889121 0.891213
XP_045382465.1 0.891441 0.899791 0.893528 0.895616 0.889353 0.895616 0.887265 0.893528 0.895616 0.893528 0.885177 0.881002 0.881002 0.876827 0.876827 0.881002 0.878914 0.878914 0.876827 0.870564 0.854545 0.861111 0.857143 0.863636 0.862745 0.857843 0.843537 0.857143 0.861111 0.851852 0.078390 0.048626 0.054852 0.076433 0.082105 0.082105 0.082105 0.079498 0.000000 0.048523 0.885177 0.878914 0.895616 0.883090 0.885177 0.885177 0.885177 0.878914 0.881002 0.878914 0.857143 0.857143 0.857143 0.844156 0.863636 0.870130 0.863636 0.857143 0.857143 0.870130 0.868476 0.866388 0.866388 0.858038 0.864301 0.864301 0.864301 0.866388 0.858038 0.866388 0.876827 0.876827 0.876827 0.885177 0.874739 0.891441 0.893528 0.885177 0.885177 0.887265
XP_032135581.1 0.890295 0.896624 0.892405 0.896624 0.888186 0.890295 0.888186 0.890295 0.892405 0.890295 0.883966 0.879747 0.886076 0.875527 0.877637 0.879747 0.877637 0.883966 0.877637 0.881857 0.854545 0.870370 0.846939 0.854545 0.862745 0.862745 0.857143 0.866995 0.851852 0.851852 0.059322 0.006342 0.016878 0.050955 0.048523 0.054852 0.052743 0.040084 0.048523 0.000000 0.883966 0.886076 0.886076 0.875527 0.886076 0.892405 0.886076 0.890295 0.886076 0.890295 0.857143 0.857143 0.857143 0.850649 0.863636 0.863636 0.863636 0.857143 0.857143 0.863636 0.852321 0.852321 0.852321 0.864979 0.854430 0.854430 0.860759 0.850211 0.854430 0.854430 0.888186 0.888186 0.890295 0.894515 0.881857 0.894515 0.892405 0.883966 0.888186 0.892405
KAI4036329.1   0.893268 0.899671 0.888342 0.879934 0.889803 0.893268 0.889803 0.893268 0.888158 0.884868 0.902265 0.904399 0.905157 0.904199 0.896266 0.898044 0.893365 0.904142 0.901600 0.905572 0.863636 0.851852 0.846939 0.827273 0.869281 0.872549 0.857143 0.852217 0.861111 0.861111 0.885593 0.892178 0.888186 0.883227 0.884211 0.884211 0.884211 0.882845 0.885177 0.883966 0.000000 0.067462 0.016087 0.147379 0.044110 0.012455 0.042553 0.024909 0.071651 0.073690 0.876623 0.876623 0.876623 0.850649 0.876623 0.870130 0.876623 0.876623 0.876623 0.870130 0.905553 0.907109 0.907109 0.908147 0.908666 0.905034 0.908147 0.903996 0.908147 0.907628 0.903667 0.904710 0.904215 0.906455 0.907017 0.910186 0.911829 0.908046 0.912329 0.910783
XP_002749525.1 0.896552 0.902961 0.896552 0.889803 0.891447 0.899836 0.891447 0.896552 0.904605 0.904605 0.902861 0.900293 0.900415 0.893554 0.901008 0.901600 0.896919 0.898817 0.903972 0.897947 0.854545 0.851852 0.836735 0.818182 0.849673 0.862745 0.863946 0.866995 0.851852 0.842593 0.881356 0.879493 0.881857 0.885350 0.882105 0.884211 0.884211 0.884937 0.878914 0.886076 0.067462 0.000000 0.068500 0.156639 0.072614 0.066424 0.070021 0.070576 0.046210 0.040456 0.870130 0.876623 0.870130 0.850649 0.863636 0.870130 0.870130 0.863636 0.863636 0.870130 0.906639 0.905083 0.906120 0.907676 0.906639 0.905602 0.906639 0.905083 0.905602 0.905602 0.912425 0.914020 0.913519 0.911379 0.906446 0.909091 0.910734 0.908593 0.913425 0.899836
XP_018877691.1 0.893268 0.899671 0.893268 0.883224 0.888158 0.893268 0.891447 0.893268 0.889803 0.884868 0.903456 0.906158 0.905750 0.904199 0.904564 0.901600 0.896327 0.904734 0.904564 0.898534 0.863636 0.851852 0.846939 0.836364 0.862745 0.862745 0.877551 0.862069 0.861111 0.861111 0.881356 0.890063 0.890295 0.883227 0.884211 0.882105 0.877895 0.880753 0.895616 0.886076 0.016087 0.068500 0.000000 0.145304 0.043591 0.017125 0.041515 0.022833 0.070093 0.072652 0.870130 0.876623 0.876623 0.850649 0.876623 0.870130 0.883117 0.870130 0.883117 0.870130 0.905553 0.906072 0.906072 0.906591 0.908666 0.905553 0.907109 0.903996 0.905553 0.905553 0.905857 0.905805 0.904215 0.910284 0.907017 0.910734 0.911829 0.906404 0.909589 0.911330
XP_045415226.1 0.898194 0.889803 0.898194 0.889803 0.893092 0.899836 0.891447 0.899836 0.894737 0.893092 0.902861 0.900293 0.899229 0.899468 0.896858 0.900415 0.895142 0.898817 0.897451 0.903812 0.845455 0.824074 0.806122 0.845455 0.856209 0.852941 0.850340 0.866995 0.824074 0.814815 0.877119 0.877378 0.873418 0.870488 0.865263 0.867368 0.865263 0.868201 0.883090 0.875527 0.147379 0.156639 0.145304 0.000000 0.142635 0.148936 0.142116 0.147379 0.156282 0.156639 0.863636 0.850649 0.863636 0.870130 0.863636 0.876623 0.883117 0.863636 0.863636 0.876623 0.901036 0.900518 0.902073 0.900518 0.901554 0.904145 0.901554 0.901554 0.902591 0.909845 0.912425 0.911281 0.911330 0.910832 0.914432 0.907448 0.911281 0.906951 0.910137 0.906404
XP_050606971.1 0.893268 0.899671 0.889984 0.886513 0.894737 0.888342 0.894737 0.891626 0.898026 0.888158 0.901669 0.902639 0.902786 0.900059 0.900415 0.902193 0.901659 0.902959 0.903972 0.902639 0.854545 0.861111 0.846939 0.818182 0.843137 0.862745 0.857143 0.857143 0.851852 0.842593 0.879237 0.881607 0.879747 0.878981 0.880000 0.877895 0.882105 0.878661 0.885177 0.886076 0.044110 0.072614 0.043591 0.142635 0.000000 0.044629 0.015560 0.047224 0.076843 0.074689 0.870130 0.863636 0.876623 0.844156 0.876623 0.863636 0.863636 0.857143 0.863636 0.863636 0.908195 0.908195 0.907676 0.908195 0.908714 0.908714 0.908714 0.907158 0.908714 0.907676 0.903120 0.902519 0.903667 0.908643 0.904735 0.907448 0.909639 0.908593 0.913425 0.908046
XP_016805242.2 0.893268 0.898026 0.888342 0.888158 0.891447 0.889984 0.891447 0.893268 0.888158 0.888158 0.902265 0.906158 0.905750 0.898876 0.903972 0.903379 0.895735 0.905325 0.896858 0.903226 0.854545 0.861111 0.836735 0.827273 0.862745 0.867647 0.877551 0.857143 0.861111 0.861111 0.881356 0.892178 0.888186 0.883227 0.884211 0.882105 0.884211 0.880753 0.885177 0.892405 0.012455 0.066424 0.017125 0.148936 0.044629 0.000000 0.042034 0.025947 0.070093 0.072133 0.876623 0.857143 0.883117 0.850649 0.876623 0.870130 0.870130 0.876623 0.857143 0.870130 0.908666 0.907628 0.908666 0.906072 0.907109 0.908147 0.907628 0.905034 0.906072 0.906072 0.903667 0.904710 0.904215 0.909190 0.906446 0.905805 0.907448 0.908046 0.912877 0.906951
XP_003909221.3 0.891626 0.896382 0.894910 0.883224 0.898026 0.894910 0.898026 0.891626 0.894737 0.884868 0.905244 0.904399 0.903379 0.900059 0.903379 0.902786 0.900474 0.904142 0.905750 0.903226 0.836364 0.842593 0.836735 0.818182 0.856209 0.862745 0.877551 0.852217 0.851852 0.833333 0.881356 0.879493 0.888186 0.881104 0.884211 0.880000 0.882105 0.880753 0.885177 0.886076 0.042553 0.070021 0.041515 0.142116 0.015560 0.042034 0.000000 0.044629 0.074766 0.072614 0.876623 0.863636 0.876623 0.844156 0.876623 0.870130 0.876623 0.863636 0.863636 0.870130 0.907676 0.906639 0.907676 0.907676 0.908195 0.908195 0.907676 0.907158 0.907158 0.906639 0.902573 0.903067 0.903667 0.909737 0.907017 0.912377 0.911281 0.908593 0.915616 0.910235
XP_024099033.1 0.886700 0.896382 0.886700 0.881579 0.889803 0.889984 0.888158 0.888342 0.886513 0.886513 0.904052 0.902639 0.906343 0.898876 0.903972 0.902786 0.896327 0.902959 0.902193 0.901466 0.863636 0.842593 0.857143 0.836364 0.856209 0.867647 0.850340 0.857143 0.861111 0.851852 0.887712 0.879493 0.888186 0.883227 0.880000 0.884211 0.877895 0.874477 0.878914 0.890295 0.024909 0.070576 0.022833 0.147379 0.047224 0.025947 0.044629 0.000000 0.073209 0.075246 0.870130 0.870130 0.870130 0.857143 0.870130 0.857143 0.863636 0.876623 0.883117 0.857143 0.908147 0.906591 0.913856 0.906072 0.909185 0.907628 0.908147 0.903996 0.907628 0.905553 0.902573 0.908543 0.904215 0.909190 0.906446 0.909639 0.911829 0.908593 0.909589 0.910235
XP_003922057.2 0.896552 0.898026 0.891626 0.889803 0.888158 0.896552 0.891447 0.891626 0.893092 0.906250 0.899881 0.903226 0.901008 0.904790 0.899822 0.902786 0.899289 0.902959 0.898637 0.902053 0.836364 0.842593 0.826531 0.818182 0.856209 0.867647 0.863946 0.847291 0.851852 0.851852 0.879237 0.879493 0.888186 0.883227 0.882105 0.884211 0.882105 0.887029 0.881002 0.886076 0.071651 0.046210 0.070093 0.156282 0.076843 0.070093 0.074766 0.073209 0.000000 0.037383 0.870130 0.863636 0.850649 0.876623 0.870130 0.863636 0.863636 0.863636 0.857143 0.863636 0.912253 0.912253 0.912253 0.908619 0.912773 0.911734 0.912253 0.909138 0.910177 0.910177 0.909141 0.909639 0.909688 0.909737 0.906446 0.912377 0.909639 0.911330 0.908493 0.910783
XP_032142216.1 0.896552 0.901316 0.891626 0.889803 0.898026 0.896552 0.896382 0.898194 0.899671 0.904605 0.902265 0.902639 0.902786 0.905381 0.898637 0.899822 0.899882 0.899408 0.901008 0.902053 0.854545 0.833333 0.826531 0.827273 0.856209 0.872549 0.863946 0.857143 0.842593 0.833333 0.877119 0.881607 0.875527 0.885350 0.882105 0.882105 0.884211 0.882845 0.878914 0.890295 0.073690 0.040456 0.072652 0.156639 0.074689 0.072133 0.072614 0.075246 0.037383 0.000000 0.863636 0.857143 0.863636 0.844156 0.870130 0.876623 0.870130 0.850649 0.850649 0.876623 0.909232 0.906639 0.907158 0.906120 0.908195 0.909232 0.907676 0.905602 0.909232 0.906639 0.912972 0.914020 0.914614 0.909190 0.911010 0.912924 0.909639 0.915709 0.912329 0.908046
CAA25109.1     0.850649 0.876623 0.876623 0.876623 0.876623 0.870130 0.870130 0.870130 0.857143 0.870130 0.837662 0.844156 0.850649 0.850649 0.850649 0.850649 0.857143 0.857143 0.850649 0.850649 0.872727 0.870370 0.857143 0.881818 0.875817 0.883117 0.891156 0.876623 0.861111 0.861111 0.850649 0.857143 0.863636 0.857143 0.857143 0.850649 0.850649 0.850649 0.857143 0.857143 0.876623 0.870130 0.870130 0.863636 0.870130 0.876623 0.876623 0.870130 0.870130 0.863636 0.000000 0.090909 0.006494 0.103896 0.006494 0.038961 0.012987 0.097403 0.090909 0.038961 0.837662 0.837662 0.837662 0.824675 0.831169 0.837662 0.837662 0.831169 0.837662 0.837662 0.870130 0.857143 0.870130 0.870130 0.876623 0.870130 0.876623 0.870130 0.870130 0.863636
P02152.2       0.863636 0.863636 0.863636 0.844156 0.870130 0.863636 0.870130 0.857143 0.863636 0.857143 0.844156 0.837662 0.850649 0.844156 0.844156 0.844156 0.844156 0.844156 0.844156 0.844156 0.863636 0.861111 0.857143 0.881818 0.888889 0.883117 0.891156 0.876623 0.870370 0.870370 0.857143 0.857143 0.857143 0.857143 0.857143 0.857143 0.857143 0.857143 0.857143 0.857143 0.876623 0.876623 0.876623 0.850649 0.863636 0.857143 0.863636 0.870130 0.863636 0.857143 0.090909 0.000000 0.097403 0.097403 0.097403 0.071429 0.084416 0.019481 0.012987 0.071429 0.837662 0.844156 0.844156 0.837662 0.837662 0.837662 0.837662 0.837662 0.844156 0.837662 0.850649 0.850649 0.850649 0.863636 0.863636 0.863636 0.850649 0.850649 0.863636 0.876623
XP_018874110.1 0.850649 0.870130 0.870130 0.876623 0.870130 0.870130 0.870130 0.870130 0.850649 0.857143 0.850649 0.837662 0.850649 0.857143 0.850649 0.850649 0.850649 0.850649 0.857143 0.863636 0.872727 0.861111 0.857143 0.881818 0.875817 0.876623 0.897959 0.876623 0.861111 0.861111 0.857143 0.857143 0.863636 0.850649 0.857143 0.850649 0.850649 0.857143 0.857143 0.857143 0.876623 0.870130 0.876623 0.863636 0.876623 0.883117 0.876623 0.870130 0.850649 0.863636 0.006494 0.097403 0.000000 0.103896 0.012987 0.045455 0.019481 0.103896 0.097403 0.045455 0.831169 0.837662 0.837662 0.824675 0.831169 0.837662 0.831169 0.831169 0.837662 0.837662 0.857143 0.857143 0.870130 0.870130 0.876623 0.870130 0.870130 0.870130 0.870130 0.863636
XP_045408951.1 0.870130 0.870130 0.876623 0.870130 0.883117 0.863636 0.883117 0.870130 0.863636 0.883117 0.837662 0.844156 0.837662 0.844156 0.837662 0.837662 0.844156 0.844156 0.844156 0.837662 0.863636 0.851852 0.846939 0.872727 0.895425 0.876623 0.891156 0.876623 0.870370 0.879630 0.850649 0.850649 0.857143 0.850649 0.844156 0.850649 0.857143 0.844156 0.844156 0.850649 0.850649 0.850649 0.850649 0.870130 0.844156 0.850649 0.844156 0.857143 0.876623 0.844156 0.103896 0.097403 0.103896 0.000000 0.110390 0.097403 0.110390 0.097403 0.090909 0.097403 0.844156 0.850649 0.837662 0.844156 0.837662 0.844156 0.844156 0.824675 0.850649 0.850649 0.850649 0.850649 0.850649 0.863636 0.857143 0.850649 0.850649 0.850649 0.863636 0.870130
