10
AAB59562.1     0.000000 0.061441 0.067797 0.012739 0.021186 0.023305 0.023305 0.025424 0.078390 0.059322
XP_010328935.2 0.061441 0.000000 0.021142 0.059448 0.054968 0.054968 0.054968 0.046512 0.048626 0.078224
XP_017828210.1 0.067797 0.021142 0.000000 0.116773 0.054852 0.059072 0.059072 0.046414 0.054852 0.088608
XP_050618685.1 0.012739 0.059448 0.116773 0.000000 0.008493 0.025478 0.008493 0.012739 0.076433 0.050955
XP_003315486.1 0.021186 0.054968 0.054852 0.008493 0.000000 0.021053 0.008421 0.018947 0.082105 0.048523
XP_030867326.1 0.023305 0.054968 0.059072 0.025478 0.021053 0.000000 0.029474 0.035789 0.082105 0.054852
XP_003913035.2 0.023305 0.054968 0.059072 0.008493 0.008421 0.029474 0.000000 0.021053 0.082105 0.052743
XP_002834383.2 0.025424 0.046512 0.046414 0.012739 0.018947 0.035789 0.021053 0.000000 0.079498 0.040084
XP_045382465.1 0.078390 0.048626 0.054852 0.076433 0.082105 0.082105 0.082105 0.079498 0.000000 0.048523
XP_032135581.1 0.059322 0.078224 0.088608 0.050955 0.048523 0.054852 0.052743 0.040084 0.048523 0.000000
