9
XP_035145207.1 0.000000 0.114997 0.169131 0.114404 0.111440 0.117299 0.113609 0.087137 0.039883
XP_004064730.1 0.114997 0.000000 0.141672 0.030231 0.011263 0.033195 0.022525 0.078245 0.109662
XP_045393893.1 0.169131 0.141672 0.000000 0.135744 0.139893 0.137441 0.143195 0.152341 0.163217
XP_050633116.1 0.114404 0.030231 0.135744 0.000000 0.029638 0.007113 0.033195 0.077653 0.113811
XP_016798387.1 0.111440 0.011263 0.139893 0.029638 0.000000 0.032602 0.020747 0.076467 0.107884
XP_003918171.2 0.117299 0.033195 0.137441 0.007113 0.032602 0.000000 0.036730 0.080616 0.116114
XP_009233428.2 0.113609 0.022525 0.143195 0.033195 0.020747 0.036730 0.000000 0.080024 0.110651
XP_039320049.1 0.087137 0.078245 0.152341 0.077653 0.076467 0.080616 0.080024 0.000000 0.082395
XP_032106760.1 0.039883 0.109662 0.163217 0.113811 0.107884 0.116114 0.110651 0.082395 0.000000
