10
AAA59172.1     0.000000 0.157407 0.030612 0.100000 0.018182 0.018182 0.027273 0.409091 0.175926 0.157407
XP_035119627.1 0.157407 0.000000 0.183673 0.203704 0.157407 0.166667 0.166667 0.444444 0.064815 0.037037
XP_018891846.1 0.030612 0.183673 0.000000 0.102041 0.051020 0.051020 0.061224 0.336735 0.193878 0.193878
XP_045414405.1 0.100000 0.203704 0.102041 0.000000 0.081818 0.109091 0.090909 0.427273 0.203704 0.203704
XP_050613945.1 0.018182 0.157407 0.051020 0.081818 0.000000 0.065359 0.197279 0.581699 0.157407 0.157407
XP_016775240.1 0.018182 0.166667 0.051020 0.109091 0.065359 0.000000 0.068027 0.684729 0.185185 0.157407
XP_017803627.2 0.027273 0.166667 0.061224 0.090909 0.197279 0.068027 0.000000 0.571429 0.166667 0.166667
XP_024110664.1 0.409091 0.444444 0.336735 0.427273 0.581699 0.684729 0.571429 0.000000 0.444444 0.453704
XP_010329449.1 0.175926 0.064815 0.193878 0.203704 0.157407 0.185185 0.166667 0.444444 0.000000 0.055556
XP_032124369.1 0.157407 0.037037 0.193878 0.203704 0.157407 0.157407 0.166667 0.453704 0.055556 0.000000
