10
KAI4036329.1   0.000000 0.067462 0.016087 0.147379 0.044110 0.012455 0.042553 0.024909 0.071651 0.073690
XP_002749525.1 0.067462 0.000000 0.068500 0.156639 0.072614 0.066424 0.070021 0.070576 0.046210 0.040456
XP_018877691.1 0.016087 0.068500 0.000000 0.145304 0.043591 0.017125 0.041515 0.022833 0.070093 0.072652
XP_045415226.1 0.147379 0.156639 0.145304 0.000000 0.142635 0.148936 0.142116 0.147379 0.156282 0.156639
XP_050606971.1 0.044110 0.072614 0.043591 0.142635 0.000000 0.044629 0.015560 0.047224 0.076843 0.074689
XP_016805242.2 0.012455 0.066424 0.017125 0.148936 0.044629 0.000000 0.042034 0.025947 0.070093 0.072133
XP_003909221.3 0.042553 0.070021 0.041515 0.142116 0.015560 0.042034 0.000000 0.044629 0.074766 0.072614
XP_024099033.1 0.024909 0.070576 0.022833 0.147379 0.047224 0.025947 0.044629 0.000000 0.073209 0.075246
XP_003922057.2 0.071651 0.046210 0.070093 0.156282 0.076843 0.070093 0.074766 0.073209 0.000000 0.037383
XP_032142216.1 0.073690 0.040456 0.072652 0.156639 0.074689 0.072133 0.072614 0.075246 0.037383 0.000000
