10
CAA25109.1     0.000000 0.090909 0.006494 0.103896 0.006494 0.038961 0.012987 0.097403 0.090909 0.038961
P02152.2       0.090909 0.000000 0.097403 0.097403 0.097403 0.071429 0.084416 0.019481 0.012987 0.071429
XP_018874110.1 0.006494 0.097403 0.000000 0.103896 0.012987 0.045455 0.019481 0.103896 0.097403 0.045455
XP_045408951.1 0.103896 0.097403 0.103896 0.000000 0.110390 0.097403 0.110390 0.097403 0.090909 0.097403
XP_024208661.1 0.006494 0.097403 0.012987 0.110390 0.000000 0.045455 0.019481 0.103896 0.097403 0.045455
XP_003905518.1 0.038961 0.071429 0.045455 0.097403 0.045455 0.000000 0.025974 0.064935 0.071429 0.000000
NP_001125556.1 0.012987 0.084416 0.019481 0.110390 0.019481 0.025974 0.000000 0.090909 0.084416 0.025974
XP_003932968.1 0.097403 0.019481 0.103896 0.097403 0.103896 0.064935 0.090909 0.000000 0.006494 0.064935
P02153.2       0.090909 0.012987 0.097403 0.090909 0.097403 0.071429 0.084416 0.006494 0.000000 0.071429
XP_050662610.1 0.038961 0.071429 0.045455 0.097403 0.045455 0.000000 0.025974 0.064935 0.071429 0.000000
