10
CAA86293.1     0.000000 0.096541 0.021167 0.084151 0.032525 0.022199 0.032525 0.093960 0.034590 0.033041
XP_008994767.2 0.096541 0.000000 0.080537 0.085183 0.080537 0.080537 0.080537 0.082602 0.077956 0.077439
XP_018868909.2 0.021167 0.080537 0.000000 0.083118 0.077439 0.087765 0.097574 0.094992 0.080537 0.099122
XP_045381205.1 0.084151 0.085183 0.083118 0.000000 0.039236 0.101704 0.105834 0.106350 0.085700 0.105318
XP_050621552.1 0.032525 0.080537 0.077439 0.039236 0.000000 0.030459 0.094476 0.100671 0.082086 0.100671
NP_001347814.2 0.022199 0.080537 0.087765 0.101704 0.030459 0.000000 0.097574 0.095509 0.034073 0.033557
XP_009187945.3 0.032525 0.080537 0.097574 0.105834 0.094476 0.097574 0.000000 0.081053 0.082086 0.100671
XP_024091345.1 0.093960 0.082602 0.094992 0.106350 0.100671 0.095509 0.081053 0.000000 0.082602 0.102220
XP_039332729.1 0.034590 0.077956 0.080537 0.085700 0.082086 0.034073 0.082086 0.082602 0.000000 0.097574
XP_032136168.1 0.033041 0.077439 0.099122 0.105318 0.100671 0.033557 0.100671 0.102220 0.097574 0.000000
