10
NP_001032.2    0.000000 0.007119 0.007663 0.021346 0.053622 0.051479 0.095838 0.095785 0.104110 0.169130
XP_001159286.2 0.007119 0.000000 0.010953 0.025192 0.054763 0.054765 0.099671 0.099124 0.104110 0.170318
XP_018878624.1 0.007663 0.010953 0.000000 0.024083 0.056475 0.054217 0.095290 0.094691 0.104110 0.169130
XP_024100521.1 0.021346 0.025192 0.024083 0.000000 0.054193 0.054765 0.096933 0.096880 0.103562 0.166393
XP_031518793.1 0.053622 0.054763 0.056475 0.054193 0.000000 0.025100 0.095836 0.101540 0.101540 0.164860
XP_050634207.1 0.051479 0.054765 0.054217 0.054765 0.025100 0.000000 0.093647 0.101862 0.101918 0.170865
XP_035134018.1 0.095838 0.099671 0.095290 0.096933 0.095836 0.093647 0.000000 0.049288 0.052055 0.168127
XP_039336157.1 0.095785 0.099124 0.094691 0.096880 0.101540 0.101862 0.049288 0.000000 0.047123 0.169677
XP_032117438.1 0.104110 0.104110 0.104110 0.103562 0.101540 0.101918 0.052055 0.047123 0.000000 0.174795
XP_045412485.1 0.169130 0.170318 0.169130 0.166393 0.164860 0.170865 0.168127 0.169677 0.174795 0.000000
